训练集:

    a    b    c    d    e    f     g    h    i    j    k    l 
    ---------------------------------------------------------
1619180	933197	574.7887824	401.5477625	1460	1460	1296	655	3	0	2809	2317  false
1456776	929669	531.670073	418.2046784	1460	1460	1288	680	2	0	2734	2218  false
1050588	913174	442.5391744	436.0907354	1460	1460	1187	609	3	0	2360	2083  false
946939	1067259	447.9370861	445.0621351	1460	1460	621	1202	4	0	2107	2391  false
1209451	924066	485.5283019	424.6626838	1460	1460	1203	617	5	0	2483	2168  false
1233767	1289472	458.8200074	427.6855721	1460	1460	759	1349	36	0	2637	2950  false
1381348	958404	510.287403	408.1788756	1460	1460	1222	647	12	0	2675	2323  false
1088576	1034091	417.398773	436.878327	1460	1460	1263	712	17	0	2571	2334  false
1077547	993129	424.5654058	440.2167553	1460	1460	1228	665	6	0	2518	2236  false
921597	1065872	423.9176633	436.8327869	1460	1460	635	1213	2	0	2166	2429  false
1229811	1549883	415.6171004	539.0897391	1460	1460	1328	749	22	0	2909	2827  false
1324549	926704	507.4900383	428.6327475	1460	1460	1214	629	3	0	2601	2153  false
1402792	946410	524.0164363	410.7682292	1460	1460	1235	632	4	0	2667	2294  false
1064665	925373	441.5864786	434.6514796	1460	1460	1201	625	2	0	2403	2122  false
1060689	920263	441.4019975	435.5243729	1460	1460	1197	618	2	0	2390	2104  false
1061008	935631	436.6288066	436.395056	1460	1460	1208	627	4	0	2417	2131  false
1226854	954331	478.4921997	420.5954165	1460	1460	1223	637	13	0	2540	2242  false
1067675	931365	435.9636586	431.9874768	1460	1460	1215	642	8	0	2431	2136  false
1412076	945076	509.2232239	401.4766355	1460	1460	1292	694	10	0	2758	2340  false
1073006	942602	422.1109363	422.312724	1460	1460	1295	718	3	0	2533	2226  false
1075740	932528	422.8537736	420.0576577	1460	1460	1291	719	3	0	2529	2211  false
49374	   44046	   440.8392857	440.46	   1460	1460	56	   29	   0	0	112	100   false
1223461  921882  332.7334783791134       413.58546433378194      1460    1460    1208    622     964     0       2649    2211    true
1101884  989173  265.8344993968637       458.80009276437846      1460    1460    1208    638     1699    0       2440    2149    true
1418324  918711  311.9938407391113       396.6800518134715       1460    1460    1226    611     1906    0       2630    2303    true
1080300  920706  280.16078838174275      438.2227510709186       1460    1460    1199    612     1442    0       2400    2090    true
1087518  921646  252.0904033379694       437.00616405879566      1460    1460    1199    617     1924    0       2384    2102    true

测试集
    a    b    c    d    e    f     g    h    i    j    k    l 
    ---------------------------------------------------------      
469501  401933  309.0855826201448       440.2332968236583       1460    1460    518     266     482     0       1035    909